10,131
10,16
10,130
10,273
10,107
10,146
10,305
10,2
10,3
9,7
50,3
50,2
8,16
50,1
50,0
49,4
49,3
49,1
12,3
12,2
12,1
11,27
11,26
11,25
11,24
11,23
11,22
11,21
11,20
11,19
11,18
11,17
11,16
11,15
11,14
11,13
11,12
11,11
11,10
11,9
11,8
11,7
11,6
11,5
11,4
11,3
11,2
11,1
10,306
10,303
10,301
10,289
10,287
10,286
10,284
10,280
10,277
10,276
10,275
10,274
10,267
10,259
10,254
10,253
10,241
10,238
10,233
10,232
10,229
10,226
10,224
10,223
10,222
10,221
10,219
10,218
10,217
10,214
10,212
10,211
10,204
10,201
10,200
10,198
10,196
20,2
10,195
20,1
10,194
20,3
10,193
10,189
19,2
19,1
10,188
10,185
19,3
10,183
10,181
10,175
10,168
10,166
10,165
10,162
10,149
10,98
10,83
10,1
18,1
10,4
